
***** GLOBAL STATISTICS (  8400 MPI TASKS) *****

$Id: gptl.c,v 1.157 2011-03-28 20:55:18 rosinski Exp $
'count' is cumulative. All other stats are max/min
name                                     processes  threads        count      walltotal   wallmax (proc   thrd  )   wallmin (proc   thrd  )
"CPL:INIT"                                    8400     8400 8.400000e+03   1.156083e+06   144.007 (  3400      0)   135.227 (  5086      0)
"CPL:cime_pre_init1"                          8400     8400 8.400000e+03   8.447118e+05   106.915 (  3393      0)    98.162 (  5080      0)
"CPL:ESMF_Initialize"                         8400     8400 8.400000e+03   6.662454e+01     0.056 (  1359      0)     0.000 (     7      0)
"CPL:cime_pre_init2"                          8400     8400 8.400000e+03   2.777092e+03     0.340 (  7094      0)     0.282 (  1359      0)
"CPL:cime_init"                               8400     8400 8.400000e+03   3.085269e+05    36.798 (   863      0)    36.724 (  7095      0)
"CPL:init_comps"                              8400     8400 8.400000e+03   2.718944e+05    32.370 (  6302      0)    32.366 (  7105      0)
"CPL:comp_init_pre_all"                       8400     8400 8.400000e+03   9.095477e+01     0.089 (  2831      0)     0.000 (  7100      0)
"CPL:comp_init_cc_atm"                        8400     8400 8.400000e+03   1.691332e+05    20.146 (  8375      0)    20.056 (  2831      0)
"a_i:comp_init"                               8400     8400 1.680000e+04   2.036951e+05    24.406 (  4238      0)    24.069 (  7615      0)
"a_i:PIO:PIO_openfile"                        8400     8400 5.124000e+05   3.376980e+04     5.043 (   923      0)     1.513 (   748      0)
"a_i:PIO:pio_get_var_1d_double"               8400     8400 9.492000e+05   1.156538e+04     1.385 (     0      0)     1.360 (  1798      0)
"a_i:PartitioningTime"                        5400     5400 5.400000e+03   4.593180e-01     0.000 (  4654      0)     0.000 (  2086      0)
"a_i:shr_reprosum_NaN_INF_Chk"                8400     8400 2.514000e+05   3.005329e-01     0.000 (  4198      0)     0.000 (  8315      0)
"a_i:shr_reprosum_int"                        8400     8400 2.514000e+05   3.892570e+02     0.096 (  3379      0)     0.002 (  8199      0)
"a_i:repro_sum_loopa"                         8400     8400 2.514000e+05   1.573328e-01     0.000 (  1145      0)     0.000 (  6103      0)
"a_i:repro_sum_allr_minmax"                   8400     8400 2.514000e+05   3.667857e+02     0.093 (  3379      0)     0.000 (  8199      0)
"a_i:repro_sum_loopb"                         8400     8400 2.514000e+05   3.543256e-01     0.000 (  4725      0)     0.000 (  6455      0)
"a_i:repro_sum_allr_i8"                       8400     8400 2.514000e+05   2.011394e+01     0.003 (  5152      0)     0.001 (  4760      0)
"a_i:phys_grid_init"                          8400     8400 8.400000e+03   6.463589e+03     0.812 (  7037      0)     0.712 (  5165      0)
"a_i:get_decomp"                              8400     8400 3.360000e+05   5.490990e+03     0.901 (     0      0)     0.557 (   758      0)
"a_i:get_filemap"                             8400     8400 5.040000e+04   9.367878e-01     0.001 (  2004      0)     0.000 (  5882      0)
"a_i:newdecomp"                               8400     8400 5.040000e+04   5.486497e+03     0.901 (     0      0)     0.557 (   758      0)
"a_i:PIO:PIO_initdecomp_dof"                  8400     8400 5.880000e+04   5.707138e+03     0.945 (     0      0)     0.577 (   758      0)
"a_i:PIO:pio_rearrange_create_box"            8400     8400 5.880000e+04   5.063992e+03     0.804 (     0      0)     0.527 (     8      0)
"a_i:PIO:pio_read_darray"                     8400     8400 3.360000e+05   1.328817e+04     2.321 (  5331      0)     0.331 (  7664      0)
"a_i:PIO:pio_read_nf"                         8400     8400 3.360000e+05   4.280238e+01     1.223 (  1428      0)     0.000 (  4582      0)
"a_i:PIO:pio_read_nfdarray_double"            8400     8400 3.360000e+05   4.224035e+01     1.223 (  1428      0)     0.000 (  1301      0)
"a_i:PIO:pio_rearrange_read"                  8400     8400 3.360000e+05   1.167219e+04     2.160 (  5206      0)     0.168 (  5460      0)
"a_i:PIO:pio_rearrange_io2comp_double"        8400     8400 3.360000e+05   1.167157e+04     2.160 (  5206      0)     0.168 (  5460      0)
"a_i:PIO:swapm_box_rear_io2comp_double"       8400     8400 3.360000e+05   1.163788e+04     2.157 (  5206      0)     0.164 (  5460      0)
"a_i:prim_printstate"                         5400     5400 5.400000e+03   2.940857e+01     0.006 (     0      0)     0.005 (  2857      0)
"a_i:PIO:PIO_createfile"                      8400     8400 8.400000e+03   7.781905e+02     0.126 (  5628      0)     0.074 (     0      0)
"a_i:PIO:pio_write_darray"                    8400     8400 8.400000e+03   2.079732e+02     0.039 (    84      0)     0.011 (     0      0)
"a_i:PIO:pio_rearrange_write"                 8400     8400 8.400000e+03   2.657224e+01     0.009 (     0      0)     0.000 (  5510      0)
"a_i:PIO:pre_pio_write_nf"                    8400     8400 8.400000e+03   2.657306e+01     0.009 (     0      0)     0.000 (  5510      0)
"a_i:PIO:pio_rearrange_comp2io_int"           8400     8400 8.400000e+03   2.653300e+01     0.009 (  5375      0)     0.000 (  5510      0)
"a_i:PIO:swapm_box_rear_comp2io_int"          8400     8400 8.400000e+03   2.553078e+01     0.009 (  5375      0)     0.000 (  5510      0)
"a_i:PIO:pio_write_nf"                        8400     8400 8.400000e+03   3.902417e-02     0.001 (     0      0)     0.000 (  1794      0)
"a_i:PIO:pio_write_nfdarray_int"              8400     8400 8.400000e+03   1.946035e-02     0.001 (     0      0)     0.000 (  4896      0)
"a_i:PIO:post_pio_write_nf"                    100      100 1.000000e+02   7.466664e-01     0.011 (  6636      0)     0.000 (     0      0)
"a_i:PIO:allred_add_data_to_buf"               100      100 1.000000e+02   7.462994e-01     0.011 (  6636      0)     0.000 (     0      0)
"a_i:PIO:PIO_closefile"                       8400     8400 3.108000e+05   4.357364e+00     0.050 (  2268      0)     0.000 (  6561      0)
"a_i:PIO:pio_get_var_0d_text"                 8400     8400 1.512000e+05   8.954866e+02     0.107 (  2567      0)     0.097 (  4704      0)
"a_i:PIO:pio_get_var_5d_double"               8400     8400 1.344000e+05   7.007362e+02     0.084 (   791      0)     0.083 (  8180      0)
"a_i:PIO:pio_get_var_2d_double"               8400     8400 2.772000e+05   6.266907e+02     0.075 (  1750      0)     0.073 (  6714      0)
"a_i:PIO:pio_get_var_0d_double"               8400     8400 5.124000e+05   4.886034e+02     0.062 (   418      0)     0.057 (  8236      0)
"a_i:PIO:pio_get_vara_1d_double"              8400     8400 1.092000e+05   6.630287e+02     0.087 (  1317      0)     0.042 (  7756      0)
"a_i:PIO:pio_get_var_1d_int"                  8400     8400 2.184000e+05   6.557003e+03     0.786 (  7838      0)     0.769 (  7392      0)
"a_i:PIO:pio_get_vara_2d_double"              8400     8400 9.660000e+05   1.926715e+04     2.388 (  2309      0)     2.177 (     0      0)
"a_i:PIO:pio_get_var_3d_int"                  8400     8400 8.400000e+03   6.999556e+01     0.009 (  6104      0)     0.007 (     0      0)
"a_i:PIO:pio_get_var_3d_double"               8400     8400 1.680000e+04   9.877268e+01     0.013 (  7241      0)     0.011 (  1053      0)
"a_i:PIO:pio_get_vara_3d_double"              8400     8400 5.460000e+05   9.854813e+03     1.177 (  4578      0)     1.165 (     0      0)
"CPL:comp_init_cc_lnd"                        8400     8400 8.400000e+03   3.462409e+04     4.144 (  3949      0)     4.095 (  4201      0)
"l_i:comp_init"                               8400     8400 8.400000e+03   3.449362e+04     4.143 (  3949      0)     4.091 (  8350      0)
"l_i:clm_init1"                               8400     8400 8.400000e+03   2.516619e+04     3.064 (  6201      0)     2.901 (   715      0)
"l_i:PIO:PIO_openfile"                        8400     8400 1.512000e+05   4.171177e+03     0.660 (  2016      0)     0.354 (  5301      0)
"l_i:PIO:pio_get_var_1d_int"                  8400     8400 5.040000e+04   5.038254e+02     0.061 (  4516      0)     0.059 (  3024      0)
"l_i:PIO:PIO_closefile"                       8400     8400 1.260000e+05   4.261920e+00     0.069 (   588      0)     0.000 (  6034      0)
"l_i:PIO:PIO_initdecomp_dof"                  8400     8400 8.400000e+04   1.994024e+03     0.584 (     0      0)     0.171 (   195      0)
"l_i:PIO:pio_rearrange_create_box"            8400     8400 8.400000e+04   1.873616e+03     0.557 (     0      0)     0.158 (    16      0)
"l_i:PIO:pio_read_darray"                     8400     8400 4.956000e+05   9.995194e+03     1.432 (  8399      0)     0.911 (   420      0)
"l_i:PIO:pio_read_nf"                         8400     8400 4.956000e+05   8.023912e+00     0.525 (     0      0)     0.000 (  7769      0)
"l_i:PIO:pio_read_nfdarray_double"            8400     8400 4.452000e+05   6.933864e+00     0.433 (     0      0)     0.000 (  7769      0)
"l_i:PIO:pio_rearrange_read"                  8400     8400 4.956000e+05   7.171441e+03     1.166 (  8399      0)     0.486 (   420      0)
"l_i:PIO:pio_rearrange_io2comp_double"        8400     8400 4.452000e+05   6.131481e+03     1.012 (  8399      0)     0.391 (   420      0)
"l_i:PIO:swapm_box_rear_io2comp_double"       8400     8400 4.452000e+05   6.092906e+03     1.008 (  8399      0)     0.386 (   420      0)
"l_i:PIO:pio_read_nfdarray_int"               8400     8400 5.040000e+04   2.224701e-01     0.092 (     0      0)     0.000 (  6089      0)
"l_i:PIO:pio_rearrange_io2comp_int"           8400     8400 5.040000e+04   1.039009e+03     0.154 (  8399      0)     0.061 (     0      0)
"l_i:PIO:swapm_box_rear_io2comp_int"          8400     8400 5.040000e+04   1.034431e+03     0.153 (  8399      0)     0.060 (     0      0)
"l_i:PIO:pio_get_var_1d_text"                 8400     8400 1.680000e+04   3.168473e+02     0.038 (  6713      0)     0.035 (  3276      0)
"l_i:PIO:pio_get_var_1d_double"               8400     8400 1.234800e+06   1.343100e+03     0.180 (     0      0)     0.146 (  7864      0)
"l_i:PIO:pio_get_var_0d_double"               8400     8400 8.400000e+04   8.036300e+02     0.115 (     0      0)     0.081 (  1907      0)
"l_i:gather_1darray_int_total"                8400     8400 3.360000e+04   9.593016e+02     0.194 (     0      0)     0.007 (    84      0)
"l_i:scatter_1darray_int_total"               8400     8400 3.360000e+04   6.918714e+02     0.208 (     1      0)     0.021 (     0      0)
"l_i:init_filters"                            8400     8400 8.400000e+03   8.360967e+01     0.041 (  6179      0)     0.000 (  6278      0)
"l_i:clm_init2"                               8400     8400 8.400000e+03   7.813214e+03     0.967 (  4018      0)     0.915 (  8363      0)
"l_i:init_orbd"                               8400     8400 8.400000e+03   4.700865e-01     0.000 (  5570      0)     0.000 (  4670      0)
"l_i:PIO:pio_get_var_0d_int"                  8400     8400 8.400000e+03   1.511289e+01     0.002 (  4668      0)     0.001 (  7896      0)
"l_i:PIO:pio_get_var_2d_double"               8400     8400 1.008000e+05   2.087735e+02     0.027 (  7094      0)     0.024 (  7812      0)
"l_i:PIO:pio_get_var_3d_double"               8400     8400 3.360000e+04   1.239031e+02     0.015 (  3687      0)     0.014 (  7094      0)
"l_i:init_accflds"                            8400     8400 8.400000e+03   4.801194e-01     0.000 (     0      0)     0.000 (  1849      0)
"l_i:init_dyn_subgrid"                        8400     8400 8.400000e+03   1.139721e+02     0.049 (  3949      0)     0.000 (   672      0)
"l_i:init_map2gc"                             8400     8400 8.400000e+03   1.223635e-01     0.000 (   930      0)     0.000 (  7906      0)
"l_i:init_clm_interface_data & pflotran"      8400     8400 8.400000e+03   4.456016e-03     0.000 (  3224      0)     0.000 (  2665      0)
"l_i:init_wlog"                               8400     8400 8.400000e+03   3.964968e-03     0.000 (     0      0)     0.000 (   628      0)
"l_i:clm_init3"                               8400     8400 8.400000e+03   2.009768e-02     0.000 (  2573      0)     0.000 (  3090      0)
"CPL:comp_init_cc_rof"                        8400     8400 8.400000e+03   2.841781e+00     0.002 (  7707      0)     0.000 (  4362      0)
"r_i:comp_init"                               8400     8400 8.400000e+03   2.122764e-02     0.000 (  7297      0)     0.000 (  3078      0)
"CPL:comp_init_cc_ocn"                        8400     8400 8.400000e+03   7.601882e+03     0.933 (     0      0)     0.883 (  4019      0)
"o_i:comp_init"                               8400     8400 8.400000e+03   7.590402e+03     0.933 (     0      0)     0.882 (  4018      0)
"o_i:docn_readnml"                            8400     8400 8.400000e+03   8.079178e+01     0.046 (  4957      0)     0.000 (    21      0)
"o_i:DOCN_INIT"                               8400     8400 8.400000e+03   7.469145e+03     0.910 (  6422      0)     0.843 (  4917      0)
"o_i:docn_strdata_init"                       8400     8400 8.400000e+03   6.789934e+03     0.828 (  6839      0)     0.763 (  4885      0)
"o_i:PIO:PIO_initdecomp_dof"                  8400     8400 8.400000e+03   2.164107e+02     0.060 (     0      0)     0.020 (    84      0)
"o_i:PIO:pio_rearrange_create_box"            8400     8400 8.400000e+03   1.947719e+02     0.055 (     0      0)     0.016 (    24      0)
"o_i:docn_initgsmaps"                         8400     8400 8.400000e+03   4.677606e+01     0.006 (  1177      0)     0.005 (   748      0)
"o_i:docn_initmctdom"                         8400     8400 8.400000e+03   1.423946e+00     0.000 (  6394      0)     0.000 (   727      0)
"o_i:docn_initmctavs"                         8400     8400 8.400000e+03   7.242013e-01     0.000 (    21      0)     0.000 (   727      0)
"o_i:DOCN_RUN"                                8400     8400 8.400000e+03   6.301830e+02     0.078 (  7486      0)     0.063 (   727      0)
"o_i:docn_run1"                               8400     8400 8.400000e+03   1.702445e-01     0.000 (  6955      0)     0.000 (   727      0)
"o_i:docn"                                    8400     8400 8.400000e+03   6.299674e+02     0.078 (  7486      0)     0.063 (   727      0)
"o_i:docn_strdata_advance"                    8400     8400 8.400000e+03   6.282917e+02     0.078 (  7486      0)     0.063 (   727      0)
"o_i:docn_strd_adv_total"                     8400     8400 8.400000e+03   6.282612e+02     0.078 (  7486      0)     0.063 (   727      0)
"o_i:docn_strd_adv_readLBUB"                  8400     8400 8.400000e+03   5.933885e+02     0.076 (     0      0)     0.062 (   727      0)
"o_i:docn_readLBUB_setup"                     8400     8400 8.400000e+03   9.415724e-03     0.000 (    21      0)     0.000 (  7447      0)
"o_i:docn_readLBUB_fbound"                    8400     8400 8.400000e+03   1.061979e-02     0.005 (     0      0)     0.000 (  4041      0)
"o_i:docn_readLBUB_bcast"                     8400     8400 8.400000e+03   3.261838e+01     0.005 (  2103      0)     0.000 (   727      0)
"o_i:docn_readLBUB_LB_setup"                  8400     8400 8.400000e+03   8.627750e-03     0.000 (     0      0)     0.000 (   750      0)
"o_i:docn_readLBUB_LB_readpio"                8400     8400 8.400000e+03   4.736651e+02     0.060 (  8399      0)     0.053 (   727      0)
"o_i:PIO:PIO_openfile"                        8400     8400 8.400000e+03   3.246072e+02     0.050 (  6300      0)     0.007 (  7267      0)
"o_i:PIO:pio_read_darray"                     8400     8400 1.680000e+04   1.150110e+02     0.022 (  8399      0)     0.006 (    10      0)
"o_i:PIO:pio_read_nf"                         8400     8400 1.680000e+04   1.418966e-01     0.005 (     0      0)     0.000 (  6432      0)
"o_i:PIO:pio_read_nfdarray_double"            8400     8400 1.680000e+04   1.011026e-01     0.005 (     0      0)     0.000 (  7943      0)
"o_i:PIO:pio_rearrange_read"                  8400     8400 1.680000e+04   1.146154e+02     0.022 (  8399      0)     0.005 (    84      0)
"o_i:PIO:pio_rearrange_io2comp_double"        8400     8400 1.680000e+04   1.145747e+02     0.022 (  8399      0)     0.005 (    84      0)
"o_i:PIO:swapm_box_rear_io2comp_double"       8400     8400 1.680000e+04   1.130940e+02     0.021 (  8398      0)     0.004 (    84      0)
"o_i:docn_readLBUB_UB_setup"                  8400     8400 8.400000e+03   8.071523e-03     0.000 (     0      0)     0.000 (  1385      0)
"o_i:docn_readLBUB_UB_readpio"                8400     8400 8.400000e+03   8.676386e+01     0.011 (  8318      0)     0.010 (  2015      0)
"o_i:docn_readLBUB_filemgt"                   8400     8400 8.400000e+03   6.402785e-03     0.000 (  1534      0)     0.000 (  1709      0)
"o_i:docn_strd_adv_fill"                      8400     8400 8.400000e+03   2.912756e+00     0.001 (  1505      0)     0.000 (  1419      0)
"o_i:docn_strd_adv_map"                       8400     8400 8.400000e+03   3.170705e+01     0.009 (   612      0)     0.000 (  2670      0)
"o_i:docn_strd_adv_tint"                      8400     8400 8.400000e+03   1.519829e-01     0.000 (  5970      0)     0.000 (  6690      0)
"o_i:docn_scatter"                            8400     8400 8.400000e+03   1.613221e+00     0.000 (  2670      0)     0.000 (  1112      0)
"o_i:docn_datamode"                           8400     8400 8.400000e+03   1.709223e-02     0.000 (   231      0)     0.000 (  2937      0)
"o_i:docn_run2"                               8400     8400 8.400000e+03   4.208897e-03     0.000 (     0      0)     0.000 (  5612      0)
"CPL:comp_init_cc_ice"                        8400     8400 8.400000e+03   2.937443e+04     3.501 (  2919      0)     3.495 (  7589      0)
"i_i:comp_init"                               8400     8400 8.400000e+03   2.936837e+04     3.500 (  2919      0)     3.495 (  8300      0)
"i_i:cice_init"                               8400     8400 8.400000e+03   1.419693e+04     1.724 (  5756      0)     1.628 (  2825      0)
"i_i:ice_HaloUpdate2DR8"                      8400     8400 3.360000e+04   2.852197e+00     0.086 (     2      0)     0.000 (  1090      0)
"i_i:ice_HU2DR8_init"                         8400     8400 3.360000e+04   4.299419e-02     0.000 (  3526      0)     0.000 (  1089      0)
"i_i:state_bound_h1"                          8400     8400 8.400000e+03   8.034917e+01     0.047 (  2855      0)     0.000 (  6901      0)
"i_i:ice_HaloUpdate3DR8"                      8400     8400 4.200000e+04   8.290881e+01     0.047 (  2855      0)     0.000 (  3634      0)
"i_i:ice_HU3DR8_init"                         8400     8400 4.200000e+04   5.607605e-02     0.000 (   611      0)     0.000 (  4651      0)
"i_i:ice_HU3DR8_recvall"                      8400     8400 4.200000e+04   8.268962e+01     0.047 (  2855      0)     0.000 (  1925      0)
"i_i:state_bound_hm"                          8400     8400 8.400000e+03   1.014184e-01     0.000 (    96      0)     0.000 (     0      0)
"i_i:state_bound_hc"                          8400     8400 8.400000e+03   4.123181e-02     0.000 (  7590      0)     0.000 (   769      0)
"i_i:state_bound_h2"                          8400     8400 8.400000e+03   6.313638e+00     0.036 (  2079      0)     0.000 (  7496      0)
"i_i:ice_HaloUpdate4DR8"                      8400     8400 8.400000e+03   3.689905e+00     0.034 (  5721      0)     0.000 (  2969      0)
"i_i:ice_HU4DR8_init"                         8400     8400 8.400000e+03   1.209032e-02     0.000 (  7511      0)     0.000 (   645      0)
"i_i:ice_HU4DR8_recvall"                      8400     8400 8.400000e+03   3.638766e+00     0.034 (  5721      0)     0.000 (   151      0)
"i_i:state_bound_hd"                          8400     8400 8.400000e+03   1.316007e-02     0.000 (  5325      0)     0.000 (    83      0)
"i_i:cice_mct_init"                           8400     8400 8.400000e+03   1.500622e+04     1.823 (  1802      0)     1.771 (  5751      0)
"i_i:PIO:PIO_initdecomp_dof"                  8400     8400 8.400000e+03   2.087281e+02     0.059 (     0      0)     0.019 (    84      0)
"i_i:PIO:pio_rearrange_create_box"            8400     8400 8.400000e+03   1.861555e+02     0.053 (     0      0)     0.016 (    35      0)
"CPL:comp_init_cc_glc"                        8400     8400 8.400000e+03   3.320467e+00     0.001 (  7876      0)     0.000 (  2932      0)
"g_i:comp_init"                               8400     8400 8.400000e+03   2.085602e-02     0.000 (   471      0)     0.000 (  3478      0)
"CPL:comp_init_cc_wav"                        8400     8400 8.400000e+03   2.806071e+00     0.001 (  6320      0)     0.000 (  2932      0)
"w_i:comp_init"                               8400     8400 8.400000e+03   1.209369e-02     0.000 (  7469      0)     0.000 (   363      0)
"CPL:comp_init_cc_esp"                        8400     8400 8.400000e+03   2.514746e+00     0.000 (  8320      0)     0.000 (  2932      0)
"e_i:comp_init"                               8400     8400 8.400000e+03   1.207183e-02     0.000 (  4862      0)     0.000 (  1177      0)
"CPL:comp_init_cx_all"                        8400     8400 8.400000e+03   3.105804e+04     3.699 (  4202      0)     3.694 (  2918      0)
"CPL:comp_list_all"                           8400     8400 8.400000e+03   5.135838e-02     0.000 (  5376      0)     0.000 (  2392      0)
"CPL:init_maps"                               8400     8400 8.400000e+03   3.573998e+02     0.082 (  8105      0)     0.012 (  1005      0)
"CPL:init_aream"                              8400     8400 8.400000e+03   2.120137e+02     0.067 (  8008      0)     0.000 (  8399      0)
"CPL:init_domain_check"                       8400     8400 8.400000e+03   1.516394e+02     0.066 (     4      0)     0.003 (  8132      0)
"CPL:init_areacor"                            8400     8400 8.400000e+03   1.995910e+01     0.002 (  4361      0)     0.002 (  4340      0)
"CPL:init_fracs"                              8400     8400 8.400000e+03   3.910515e+02     0.050 (    54      0)     0.027 (  3169      0)
"CPL:init_aoflux"                             8400     8400 8.400000e+03   6.401768e-01     0.000 (  5816      0)     0.000 (  8219      0)
"CPL:init_atminit"                            8400     8400 5.040000e+04   4.842402e+01     0.027 (  3195      0)     0.003 (  2639      0)
"CPL:comp_init_cc_atm2"                       8400     8400 8.400000e+03   3.543359e+04     4.290 (  3767      0)     4.213 (   203      0)
"a_i:stepon_run1"                             8400     8400 8.400000e+03   4.393256e+02     0.054 (   809      0)     0.050 (  8062      0)
"a_i:d_p_coupling"                            8400     8400 8.400000e+03   4.392819e+02     0.053 (   830      0)     0.050 (  8063      0)
"a_i:UniquePoints"                            5400     5400 5.400000e+03   1.490905e+00     0.000 (  5106      0)     0.000 (   266      0)
"a_i:dpcopy"                                  8400     8400 8.400000e+03   3.914552e+02     0.053 (  8199      0)     0.004 (  1768      0)
"a_i:block_to_chunk"                          8400     8400 8.400000e+03   3.897619e+02     0.053 (  8199      0)     0.004 (  1768      0)
"a_i:derived_phys"                            8400     8400 8.400000e+03   3.223186e+00     0.001 (  5906      0)     0.000 (  7491      0)
"a_i:phys_run1"                               8400     8400 8.400000e+03   3.430820e+04     4.232 (  4238      0)     3.908 (  7288      0)
"a_i:physpkg_st1"                             8400     8400 1.680000e+04   2.891643e+04     3.530 (  2308      0)     3.315 (     0      0)
"a_i:chk_en_gmean"                            8400     8400 8.400000e+03   2.334533e+01     0.004 (  1261      0)     0.002 (  8199      0)
"a_i:gmean_fixed_repro"                       8400     8400 8.400000e+03   2.330078e+01     0.004 (  1261      0)     0.002 (  8199      0)
"a_i:advance_trcdata"                         8400     8400 1.764000e+05   2.882383e+04     3.526 (  2309      0)     3.308 (     0      0)
"a_i:read_next_trcdata"                       8400     8400 1.764000e+05   2.881240e+04     3.525 (  2309      0)     3.307 (     0      0)
"a_i:interpolate_trcdata"                     8400     8400 1.764000e+05   6.547325e+00     0.002 (  3630      0)     0.001 (  7769      0)
"a_i:bc_physics"                              8400     8400 8.400000e+03   5.391695e+03     0.764 (  3683      0)     0.499 (  7391      0)
"a_i:diag_physvar_ic"                         8400     8400 8.400000e+03   1.067576e-01     0.000 (  7645      0)     0.000 (   212      0)
"a_i:bc_init"                                 8400     8400 8.400000e+03   2.895878e+00     0.003 (  5983      0)     0.000 (  1876      0)
"a_i:energy_fixer"                            8400     8400 8.400000e+03   1.713773e+00     0.002 (  1123      0)     0.000 (  6789      0)
"a_i:physics_update_main"                     8400     8400 1.512000e+05   1.332248e+01     0.006 (  1984      0)     0.001 (  7426      0)
"a_i:dry_adjustment"                          8400     8400 8.400000e+03   7.966533e-01     0.001 (  1123      0)     0.000 (  6766      0)
"a_i:moist_convection"                        8400     8400 8.400000e+03   9.747173e+01     0.035 (  7955      0)     0.007 (  7585      0)
"a_i:convect_deep_tend"                       8400     8400 8.400000e+03   6.737399e+01     0.030 (  4568      0)     0.005 (  7128      0)
"a_i:zm_conv_tend"                            8400     8400 8.400000e+03   6.719386e+01     0.030 (  4568      0)     0.005 (  7128      0)
"a_i:zm_convr"                                8400     8400 8.400000e+03   5.821360e+01     0.028 (  5856      0)     0.004 (  6848      0)
"a_i:physics_ptend_sum"                       8400     8400 8.400000e+04   3.077414e+00     0.002 (  5299      0)     0.000 (  6068      0)
"a_i:zm_conv_evap"                            8400     8400 8.400000e+03   7.878295e-01     0.001 (  5413      0)     0.000 (  2769      0)
"a_i:momtran"                                 8400     8400 8.400000e+03   8.004018e-01     0.001 (  2118      0)     0.000 (  3407      0)
"a_i:convtran1"                               8400     8400 8.400000e+03   1.312869e+00     0.002 (  3081      0)     0.000 (  7124      0)
"a_i:convect_shallow_tend"                    8400     8400 8.400000e+03   2.524397e+01     0.017 (  4341      0)     0.002 (  7438      0)
"a_i:carma_timestep_tend"                     8400     8400 8.400000e+03   7.085631e-03     0.000 (  1981      0)     0.000 (  4041      0)
"a_i:macrop_tend"                             8400     8400 8.400000e+03   7.238936e+01     0.029 (  5237      0)     0.006 (  7559      0)
"a_i:cldfrc"                                  8400     8400 8.400000e+03   4.808145e+00     0.004 (  4545      0)     0.000 (  7471      0)
"a_i:mmacro_pcond"                            8400     8400 8.400000e+03   6.084955e+01     0.027 (  2583      0)     0.005 (  7559      0)
"a_i:physics_ptend_scale"                     8400     8400 2.520000e+04   4.486780e-01     0.000 (  5681      0)     0.000 (  6863      0)
"a_i:microp_aero_run"                         8400     8400 8.400000e+03   1.249044e+02     0.039 (  3122      0)     0.010 (  7559      0)
"a_i:microp_aero_run_init"                    8400     8400 8.400000e+03   2.553649e+00     0.002 (  7191      0)     0.000 (  3189      0)
"a_i:subgrid_mean_updraft"                    8400     8400 8.400000e+03   2.488221e+01     0.016 (   593      0)     0.002 (  8370      0)
"a_i:nucleate_ice_cam_calc"                   8400     8400 8.400000e+03   2.760276e+00     0.003 (  5221      0)     0.000 (  4713      0)
"a_i:dropmixnuc"                              8400     8400 8.400000e+03   4.628365e+01     0.024 (  1257      0)     0.003 (  2764      0)
"a_i:hetfrz_classnuc_cam_calc"                8400     8400 8.400000e+03   4.793989e+01     0.026 (  1942      0)     0.004 (  6666      0)
"a_i:microp_tend"                             8400     8400 8.400000e+03   6.439018e+01     0.031 (  3581      0)     0.004 (  7007      0)
"a_i:microp_mg_cam_tend"                      8400     8400 8.400000e+03   6.111390e+01     0.031 (  3581      0)     0.003 (  7333      0)
"a_i:micro_mg_cam_tend_init"                  8400     8400 8.400000e+03   4.536603e+00     0.005 (  3436      0)     0.000 (  7597      0)
"a_i:micro_mg_cam_tend_loop"                  8400     8400 8.400000e+03   4.328069e+01     0.027 (  3581      0)     0.002 (  7316      0)
"a_i:micro_mg_tend2"                          8400     8400 1.680000e+04   3.548061e+01     0.025 (  3581      0)     0.001 (  7316      0)
"a_i:micro_mg_cam_tend_fini"                  8400     8400 8.400000e+03   1.284893e+01     0.010 (  4208      0)     0.001 (  6863      0)
"a_i:crm"                                     8400     8400 8.400000e+03   9.570596e+00     0.008 (  5376      0)     0.001 (  8189      0)
"a_i:bc_aerosols_mmf"                         8400     8400 8.400000e+03   1.725871e+02     0.043 (   465      0)     0.015 (  7716      0)
"a_i:bc_aerosols"                             8400     8400 8.400000e+03   2.384665e+02     0.049 (  3547      0)     0.022 (  7405      0)
"a_i:calcsize"                                8400     8400 8.400000e+03   5.009874e+00     0.006 (  6763      0)     0.000 (  7426      0)
"a_i:wateruptake"                             8400     8400 8.400000e+03   1.593538e+02     0.041 (  3547      0)     0.014 (  8336      0)
"a_i:ma_convproc"                             8400     8400 8.400000e+03   1.447659e+01     0.014 (  3152      0)     0.001 (  7391      0)
"a_i:convect_deep_tend2"                      8400     8400 8.400000e+03   2.628585e+00     0.002 (  1053      0)     0.000 (  7863      0)
"a_i:convtran2"                               8400     8400 8.400000e+03   1.320480e+00     0.001 (  7359      0)     0.000 (  7867      0)
"a_i:bc_history_write"                        8400     8400 8.400000e+03   4.786296e+00     0.005 (  1053      0)     0.000 (  7404      0)
"a_i:bc_cld_diag_history_write"               8400     8400 8.400000e+03   1.402871e+00     0.001 (  1053      0)     0.000 (  7391      0)
"a_i:radiation"                               8400     8400 8.400000e+03   4.590705e+03     0.661 (  4197      0)     0.422 (  7391      0)
"a_i:cldoptics"                               8400     8400 6.720000e+04   1.845971e+01     0.005 (  1896      0)     0.002 (  7874      0)
"a_i:rad_sw"                                  8400     8400 6.720000e+04   2.740701e+03     0.429 (  3663      0)     0.226 (  6992      0)
"a_i:rad_sw_loop"                             8400     8400 6.720000e+04   2.736920e+03     0.429 (  3663      0)     0.225 (  6992      0)
"a_i:rad_rrtmg_sw"                            8400     8400 6.720000e+04   1.077988e+03     0.230 (  3663      0)     0.043 (  7370      0)
"a_i:mcica_subcol_sw"                         8400     8400 6.720000e+04   2.597835e+02     0.067 (  5779      0)     0.012 (  7391      0)
"a_i:rrtmg_sw"                                8400     8400 6.720000e+04   8.038036e+02     0.179 (  3663      0)     0.030 (  6727      0)
"a_i:rad_lw"                                  8400     8400 6.720000e+04   1.815860e+03     0.270 (  4691      0)     0.189 (  8042      0)
"a_i:rad_lw_loop"                             8400     8400 6.720000e+04   1.815728e+03     0.270 (  4691      0)     0.189 (  8042      0)
"a_i:rad_rrtmg_lw"                            8400     8400 6.720000e+04   8.431598e+02     0.153 (  4691      0)     0.082 (  7559      0)
"a_i:mcica_subcol_lw"                         8400     8400 6.720000e+04   5.625878e+02     0.118 (  4691      0)     0.055 (  8084      0)
"a_i:rrtmg_lw"                                8400     8400 6.720000e+04   2.800906e+02     0.042 (  6166      0)     0.027 (  7391      0)
"a_i:radheat_tend"                            8400     8400 8.400000e+03   8.319200e-02     0.000 (    83      0)     0.000 (  2811      0)
"a_i:heating_rate"                            8400     8400 8.400000e+03   5.134204e-01     0.000 (  1565      0)     0.000 (  7184      0)
"a_i:tropopause"                              8400     8400 8.400000e+03   2.741711e+00     0.001 (    22      0)     0.000 (  8330      0)
"a_i:cam_export"                              8400     8400 8.400000e+03   2.978940e-01     0.000 (   728      0)     0.000 (   387      0)
"a_i:diag_export"                             8400     8400 8.400000e+03   1.640932e-01     0.000 (  3863      0)     0.000 (  4997      0)
"CPL:init_readrestart"                        8400     8400 8.400000e+03   3.708710e-01     0.000 (  3732      0)     0.000 (  6299      0)
"CPL:RUN_LOOP_BSTART"                         8400     8400 8.400000e+03   5.704724e+02     0.071 (    13      0)     0.000 (  4217      0)
"CPL:RUN_LOOP"                                8400     8400 4.032000e+05   4.222021e+06   503.338 (  4995      0)   502.051 (     1      0)
"CPL:CLOCK_ADVANCE"                           8400     8400 4.032000e+05   1.520562e+02     0.021 (  4983      0)     0.014 (  3806      0)
"CPL:RUN"                                     8400     8400 4.830000e+06   5.981035e+04    39.589 (   871      0)     0.134 (     3      0)
"CPL:OCNPRE1"                                 8400     8400 4.032000e+05   5.783349e+04    39.366 (   871      0)     0.020 (  6657      0)
"CPL:ocnpre1_atm2ocn"                         8400     8400 4.032000e+05   5.783172e+04    39.366 (   871      0)     0.020 (  6657      0)
"CPL:LNDPREP"                                 8400     8400 4.032000e+05   4.929184e+01     0.007 (  2454      0)     0.005 (  5998      0)
"CPL:lndprep_atm2lnd"                         8400     8400 4.032000e+05   4.210737e+01     0.006 (  2441      0)     0.004 (  5977      0)
"CPL:lndprep_mrgx2l"                          8400     8400 4.032000e+05   4.266175e+00     0.001 (  6993      0)     0.000 (  5354      0)
"CPL:COMM"                                    8400     8400 2.814000e+06   2.821809e+05   127.238 (  6710      0)     0.212 (  3288      0)
"CPL:C2L"                                     8400     8400 4.032000e+05   8.513032e+01     0.012 (  4200      0)     0.007 (     0      0)
"CPL:c2l_lndx2lndl"                           8400     8400 4.032000e+05   4.193418e+01     0.006 (  4556      0)     0.005 (  7874      0)
"CPL:c2l_infoexch"                            8400     8400 4.032000e+05   4.036579e+01     0.006 (  8399      0)     0.002 (     0      0)
"CPL:ICEPREP"                                 8400     8400 4.032000e+05   9.482486e+01     0.014 (  7469      0)     0.010 (     5      0)
"CPL:iceprep_ocn2ice"                         8400     8400 4.032000e+05   4.247907e+01     0.007 (  4201      0)     0.004 (     3      0)
"CPL:iceprep_atm2ice"                         8400     8400 4.032000e+05   4.239461e+01     0.007 (  7469      0)     0.004 (     5      0)
"CPL:iceprep_mrgx2i"                          8400     8400 4.032000e+05   5.213244e+00     0.001 (    84      0)     0.001 (  6596      0)
"CPL:C2I"                                     8400     8400 4.032000e+05   7.823881e+01     0.012 (  4808      0)     0.008 (  2102      0)
"CPL:c2i_icex2icei"                           8400     8400 4.032000e+05   4.474042e+01     0.009 (     3      0)     0.005 (  8288      0)
"CPL:ice_infoexch"                            8400     8400 4.032000e+05   3.083809e+01     0.006 (  8399      0)     0.001 (     0      0)
"CPL:ICE_RUN"                                 8400     8400 4.032000e+05   1.190593e+03     0.148 (     0      0)     0.137 (  7776      0)
"i:cice_run_total"                            8400     8400 4.032000e+05   1.131683e+03     0.141 (     0      0)     0.130 (  7777      0)
"i:cice_run_import"                           8400     8400 4.032000e+05   1.842157e+01     0.002 (  5258      0)     0.002 (  2250      0)
"i:cice_imp_ocn"                              8400     8400 4.032000e+05   2.572645e+00     0.000 (  1077      0)     0.000 (  8227      0)
"i:cice_imp_atm"                              8400     8400 4.032000e+05   4.146042e+00     0.001 (  1070      0)     0.000 (  7988      0)
"i:cice_run_initmd"                           8400     8400 4.032000e+05   4.606297e+02     0.072 (   264      0)     0.026 (  8112      0)
"i:cice_run_presc"                            8400     8400 4.032000e+05   3.651262e+02     0.045 (  5467      0)     0.040 (  5399      0)
"i:cice_pice_strd_adv_total"                  8400     8400 4.032000e+05   3.535820e+02     0.043 (  5467      0)     0.038 (  5399      0)
"i:cice_pice_strd_adv_readLBUB"               8400     8400 4.032000e+05   2.914035e+02     0.039 (  8399      0)     0.031 (     4      0)
"i:cice_pice_readLBUB_setup"                  8400     8400 4.032000e+05   5.211403e-01     0.000 (  2765      0)     0.000 (   930      0)
"i:cice_pice_readLBUB_fbound"                 8400     8400 8.400000e+03   1.227170e-02     0.006 (     0      0)     0.000 (  3927      0)
"i:cice_pice_readLBUB_bcast"                  8400     8400 8.400000e+03   4.825272e+01     0.006 (  8399      0)     0.000 (     0      0)
"i:cice_pice_readLBUB_LB_setup"               8400     8400 8.400000e+03   9.442675e-03     0.000 (     0      0)     0.000 (  2242      0)
"i:cice_pice_readLBUB_LB_readpio"             8400     8400 8.400000e+03   1.516023e+02     0.022 (  8399      0)     0.014 (    22      0)
"i:PIO:PIO_openfile"                          8400     8400 8.400000e+03   5.350278e+01     0.012 (  2688      0)     0.006 (  5162      0)
"i:PIO:pio_read_darray"                       8400     8400 1.680000e+04   1.507722e+02     0.026 (  8399      0)     0.006 (   420      0)
"i:PIO:pio_read_nf"                           8400     8400 1.680000e+04   1.598849e-01     0.010 (     0      0)     0.000 (  6977      0)
"i:PIO:pio_read_nfdarray_double"              8400     8400 1.680000e+04   1.211341e-01     0.010 (     0      0)     0.000 (   644      0)
"i:PIO:pio_rearrange_read"                    8400     8400 1.680000e+04   1.503700e+02     0.026 (  8399      0)     0.005 (    84      0)
"i:PIO:pio_rearrange_io2comp_double"          8400     8400 1.680000e+04   1.503297e+02     0.026 (  8399      0)     0.005 (    84      0)
"i:PIO:swapm_box_rear_io2comp_double"         8400     8400 1.680000e+04   1.488276e+02     0.026 (  8399      0)     0.005 (    84      0)
"i:cice_pice_readLBUB_UB_setup"               8400     8400 8.400000e+03   8.250684e-03     0.000 (     0      0)     0.000 (  7762      0)
"i:cice_pice_readLBUB_UB_readpio"             8400     8400 8.400000e+03   8.710950e+01     0.011 (  8355      0)     0.010 (  1679      0)
"i:cice_pice_readLBUB_filemgt"                8400     8400 4.032000e+05   3.664239e-01     0.000 (   123      0)     0.000 (  5853      0)
"i:cice_pice_strd_adv_map"                    8400     8400 8.400000e+03   4.553196e+01     0.010 (     3      0)     0.000 (  7643      0)
"i:cice_pice_strd_adv_tint"                   8400     8400 4.032000e+05   1.155557e+01     0.002 (  3086      0)     0.001 (  8344      0)
"i:cice_run_initflux"                         8400     8400 4.032000e+05   2.682720e-01     0.000 (  4982      0)     0.000 (  5228      0)
"i:cice_run_prepradiation"                    8400     8400 4.032000e+05   1.391822e+00     0.001 (  2330      0)     0.000 (  7947      0)
"i:cice_run_therm1"                           8400     8400 4.032000e+05   3.700114e+01     0.007 (  7097      0)     0.003 (  7538      0)
"i:cice_run_dyn"                              8400     8400 4.032000e+05   2.576812e-01     0.000 (  6130      0)     0.000 (  2212      0)
"i:cice_run_radiation"                        8400     8400 4.032000e+05   2.132591e+01     0.005 (  3881      0)     0.001 (  6119      0)
"i:cice_step_radiationib"                     8400     8400 1.166448e+06   1.992604e+01     0.005 (  3881      0)     0.001 (  6119      0)
"i:cice_step_rib_swdedd1"                     8400     8400 1.166448e+06   3.503084e+00     0.001 (  6654      0)     0.000 (  7937      0)
"i:cice_step_rib_swdedd2"                     8400     8400 1.166448e+06   1.254738e+00     0.000 (  4980      0)     0.000 (  7937      0)
"i:cice_step_rib_swdedd7"                     8400     8400 1.166448e+06   1.059502e+01     0.004 (  3881      0)     0.000 (  6536      0)
"i:cice_run_couplingprep"                     8400     8400 4.032000e+05   1.433402e+01     0.009 (  6316      0)     0.001 (  1013      0)
"i:ice_HaloUpdate2DR8"                        8400     8400 4.032000e+05   7.360935e+00     0.008 (  6316      0)     0.000 (  1417      0)
"i:ice_HU2DR8_init"                           8400     8400 4.032000e+05   5.393140e-01     0.000 (  5777      0)     0.000 (  7496      0)
"i:cice_run_diag"                             8400     8400 4.032000e+05   2.906434e+01     0.007 (     0      0)     0.003 (  8381      0)
"i:cice_run_hist"                             8400     8400 4.032000e+05   2.195271e+01     0.004 (  5546      0)     0.001 (  8399      0)
"i:cice_run_accum"                            8400     8400 4.032000e+05   5.115030e+00     0.001 (  1075      0)     0.000 (  7496      0)
"i:cice_run_export"                           8400     8400 4.032000e+05   4.156256e+00     0.003 (  7073      0)     0.000 (  1480      0)
"CPL:LND_RUN"                                 8400     8400 4.032000e+05   1.131676e+04     1.626 (  5442      0)     0.972 (  2007      0)
"l:lc_lnd_import"                             8400     8400 4.032000e+05   5.674433e+00     0.001 (  5756      0)     0.000 (  2250      0)
"l:clm_run"                                   8400     8400 4.116000e+05   1.122802e+04     1.615 (  5442      0)     0.961 (  2007      0)
"l:shr_orb_decl"                              8400     8400 4.116000e+05   2.684510e+00     0.000 (  8161      0)     0.000 (  4527      0)
"l:decomp_vert"                               8400     8400 4.116000e+05   1.949270e+00     0.000 (  6674      0)     0.000 (     0      0)
"l:dyn_subgrid"                               8400     8400 4.116000e+05   9.203256e+01     0.064 (  5269      0)     0.002 (     0      0)
"l:begwbal"                                   8400     8400 4.116000e+05   2.743587e+00     0.001 (  4640      0)     0.000 (     0      0)
"l:drvinit"                                   8400     8400 4.116000e+05   1.254639e+01     0.002 (   697      0)     0.000 (     0      0)
"l:canhydro"                                  8400     8400 4.116000e+05   1.030048e+01     0.002 (  6192      0)     0.000 (     0      0)
"l:surfrad"                                   8400     8400 4.116000e+05   2.948232e+01     0.005 (  4991      0)     0.002 (     0      0)
"l:bgp1"                                      8400     8400 4.116000e+05   1.194352e+01     0.003 (  7370      0)     0.001 (  7996      0)
"l:bgflux"                                    8400     8400 4.116000e+05   4.253051e+01     0.056 (  3500      0)     0.000 (  1310      0)
"l:canflux"                                   8400     8400 4.116000e+05   2.453795e+02     0.074 (   584      0)     0.002 (  7576      0)
"l:can_iter"                                  8400     8400 4.116000e+05   2.115470e+02     0.069 (   584      0)     0.000 (  2619      0)
"l:uflux"                                     8400     8400 4.116000e+05   3.404596e+01     0.057 (  3462      0)     0.000 (  6174      0)
"l:bgplake"                                   8400     8400 4.116000e+05   3.404058e+01     0.010 (  2866      0)     0.001 (  7570      0)
"l:bgc"                                       8400     8400 4.116000e+05   1.370166e+01     0.007 (   196      0)     0.000 (  8205      0)
"l:soiltemperature"                           8400     8400 4.116000e+05   7.431781e+03     1.161 (  4947      0)     0.489 (  5979      0)
"l:SoilThermProp"                             8400     8400 4.116000e+05   8.059177e+00     0.002 (  3090      0)     0.000 (  7584      0)
"l:SoilTempBandDiag"                          8400     8400 8.232000e+05   7.310672e+03     1.145 (  4873      0)     0.478 (  5969      0)
"l:PhaseChangeH2osfc"                         8400     8400 4.116000e+05   1.065651e+00     0.000 (  3364      0)     0.000 (  1502      0)
"l:PhaseChangebeta"                           8400     8400 4.116000e+05   4.770298e+00     0.001 (  4958      0)     0.000 (  7622      0)
"l:bgp2"                                      8400     8400 4.116000e+05   1.467668e+01     0.003 (  3051      0)     0.001 (  8215      0)
"l:bgp2_loop_1"                               8400     8400 4.116000e+05   1.447843e+00     0.000 (  3059      0)     0.000 (  7924      0)
"l:bgp2_loop_2"                               8400     8400 4.116000e+05   4.591797e+00     0.001 (  4257      0)     0.000 (  7721      0)
"l:bgp2_loop_3"                               8400     8400 4.116000e+05   1.865707e+00     0.001 (  3101      0)     0.000 (  8306      0)
"l:bgp2_loop_4"                               8400     8400 4.116000e+05   2.618548e+00     0.001 (  7455      0)     0.000 (  8215      0)
"l:patch2col"                                 8400     8400 4.116000e+05   6.542972e+00     0.001 (   646      0)     0.000 (  8392      0)
"l:hydro without drainage"                    8400     8400 4.116000e+05   8.383689e+01     0.056 (   733      0)     0.004 (  6392      0)
"l:hylake"                                    8400     8400 4.116000e+05   1.007625e+01     0.002 (  4320      0)     0.000 (   193      0)
"l:snow_init"                                 8400     8400 4.116000e+05   1.359360e+00     0.001 (  2408      0)     0.000 (  7455      0)
"l:ecosysdyn"                                 8400     8400 4.116000e+05   1.447044e+00     0.000 (   772      0)     0.000 (  2442      0)
"l:depvel"                                    8400     8400 8.232000e+05   8.771400e-01     0.000 (  2586      0)     0.000 (  4472      0)
"l:hydro2 drainage"                           8400     8400 4.116000e+05   1.447541e+01     0.002 (  3333      0)     0.001 (  7440      0)
"l:balchk"                                    8400     8400 4.116000e+05   9.550864e+00     0.001 (  2775      0)     0.000 (  7440      0)
"l:lnd2atm"                                   8400     8400 4.116000e+05   2.565154e+01     0.004 (  6852      0)     0.002 (  7699      0)
"l:wrtdiag"                                   8400     8400 4.116000e+05   3.721905e+00     0.002 (     0      0)     0.000 (  1158      0)
"l:hbuf"                                      8400     8400 4.116000e+05   1.176370e+02     0.057 (   753      0)     0.008 (  8084      0)
"l:clm_drv_io"                                8400     8400 4.116000e+05   3.642529e+00     0.001 (  4800      0)     0.000 (  2726      0)
"l:clm_drv_io_htapes"                         8400     8400 4.116000e+05   3.002627e+00     0.001 (  4800      0)     0.000 (  2726      0)
"l:lc_lnd_export"                             8400     8400 4.116000e+05   2.696145e+00     0.001 (  4965      0)     0.000 (  7713      0)
"l:lc_clm2_adv_timestep"                      8400     8400 4.116000e+05   6.275280e-01     0.000 (  3960      0)     0.000 (  3836      0)
"l:accum"                                     8400     8400 4.032000e+05   1.875248e+01     0.003 (  1577      0)     0.001 (     0      0)
"CPL:ATMOCNP"                                 8400     8400 4.032000e+05   2.100861e+01     0.004 (  3677      0)     0.001 (  5251      0)
"CPL:atmocnp_fluxo"                           8400     8400 4.032000e+05   1.412913e+01     0.003 (  3677      0)     0.000 (  5251      0)
"CPL:atmocnp_ocnalb"                          8400     8400 4.032000e+05   4.400766e+00     0.001 (  3681      0)     0.000 (  7433      0)
"CPL:L2C"                                     8400     8400 4.032000e+05   8.640382e+02     0.632 (  2876      0)     0.005 (  1383      0)
"CPL:l2c_lndl2lndx"                           8400     8400 4.032000e+05   8.571608e+02     0.631 (  2876      0)     0.005 (  1383      0)
"lnd2cpl_run"                                 8400     8400 4.032000e+05   4.366471e+00     0.001 (   864      0)     0.000 (  7202      0)
"CPL:LNDPOST"                                 8400     8400 4.032000e+05   4.842179e-01     0.000 (  3912      0)     0.000 (  1784      0)
"CPL:I2C"                                     8400     8400 4.032000e+05   6.526790e+02     0.527 (  5997      0)     0.006 (  8041      0)
"CPL:i2c_icei2icex"                           8400     8400 4.032000e+05   6.456624e+02     0.526 (  5997      0)     0.005 (  8041      0)
"CPL:i2c_infoexch"                            8400     8400 4.032000e+05   4.374368e+00     0.001 (   864      0)     0.000 (  4283      0)
"CPL:ICEPOST"                                 8400     8400 4.032000e+05   4.681928e-01     0.000 (  7089      0)     0.000 (  6609      0)
"CPL:FRACSET"                                 8400     8400 4.032000e+05   4.912670e+02     0.487 (  4426      0)     0.012 (  6880      0)
"CPL:fracset_fracset"                         8400     8400 4.032000e+05   4.898963e+02     0.486 (  4426      0)     0.012 (  6880      0)
"CPL:ATMPREP"                                 8400     8400 4.032000e+05   1.306190e+03     0.477 (  8347      0)     0.079 (     3      0)
"CPL:atmprep_xao2atm"                         8400     8400 4.032000e+05   4.524180e+02     0.407 (  8344      0)     0.017 (  8399      0)
"CPL:atmprep_ocn2atm"                         8400     8400 4.032000e+05   2.997046e+02     0.274 (  8368      0)     0.016 (     1      0)
"CPL:atmprep_alb2atm"                         8400     8400 4.032000e+05   1.275636e+02     0.178 (   102      0)     0.008 (     3      0)
"CPL:atmprep_ice2atm"                         8400     8400 4.032000e+05   1.697115e+02     0.145 (  8397      0)     0.017 (   440      0)
"CPL:atmprep_lnd2atm"                         8400     8400 4.032000e+05   2.434058e+02     0.145 (  8399      0)     0.018 (  6845      0)
"CPL:atmprep_mrgx2a"                          8400     8400 4.032000e+05   5.927701e+00     0.001 (   122      0)     0.001 (  1532      0)
"CPL:C2A"                                     8400     8400 4.032000e+05   7.657686e+02     0.209 (  3864      0)     0.026 (  7826      0)
"CPL:c2a_atmx2atmg"                           8400     8400 4.032000e+05   5.512540e+02     0.192 (  3864      0)     0.010 (  7902      0)
"CPL:c2a_infoexch"                            8400     8400 4.032000e+05   2.117951e+02     0.072 (  4620      0)     0.004 (     0      0)
"CPL:ATM_RUN"                                 8400     8400 4.032000e+05   3.619140e+06   494.293 (  4995      0)   358.579 (  7328      0)
"a:CAM_import"                                8400     8400 4.032000e+05   2.020234e+00     0.000 (  5912      0)     0.000 (    21      0)
"a:CAM_run2"                                  8400     8400 4.116000e+05   3.445883e+04     5.464 (  7978      0)     3.168 (  6260      0)
"a:phys_run2"                                 8400     8400 4.116000e+05   2.465074e+04     3.281 (  2157      0)     2.313 (  7391      0)
"a:lightning_no_prod"                         8400     8400 4.116000e+05   6.844982e-01     0.000 (  6636      0)     0.000 (  1529      0)
"a:ac_physics"                                8400     8400 4.116000e+05   2.463382e+04     3.278 (  2157      0)     2.311 (  7391      0)
"a:diag_surf"                                 8400     8400 4.116000e+05   2.381039e+01     0.004 (  2333      0)     0.003 (  7853      0)
"a:tphysac_init"                              8400     8400 4.116000e+05   1.162309e+02     0.020 (  7073      0)     0.011 (  6727      0)
"a:adv_tracer_src_snk"                        8400     8400 4.116000e+05   5.862210e+03     0.791 (  5586      0)     0.575 (  6971      0)
"a:chemdr"                                    8400     8400 4.116000e+05   5.659918e+03     0.768 (  5594      0)     0.557 (  6971      0)
"a:chemdr_init"                               8400     8400 4.116000e+05   1.001099e+03     0.176 (  4788      0)     0.090 (  6723      0)
"a:exp_sol"                                   8400     8400 4.116000e+05   4.925225e+00     0.001 (  5039      0)     0.000 (  6803      0)
"a:imp_sol"                                   8400     8400 4.116000e+05   5.505669e+02     0.083 (  4630      0)     0.052 (  7748      0)
"a:aero_model_gasaerexch"                     8400     8400 4.116000e+05   3.512678e+03     0.461 (  6364      0)     0.342 (  6677      0)
"a:modal_aero_amicphys"                       8400     8400 4.116000e+05   3.005601e+03     0.401 (  6364      0)     0.285 (  6803      0)
"a:drydep"                                    8400     8400 4.116000e+05   2.526726e+01     0.004 (  1806      0)     0.002 (  6712      0)
"a:chemdr_diags"                              8400     8400 4.116000e+05   3.126550e+02     0.042 (  1521      0)     0.032 (  6630      0)
"a:physics_update_main"                       8400     8400 9.878400e+06   1.010612e+03     0.136 (  1512      0)     0.097 (  7405      0)
"a:vertical_diffusion_tend"                   8400     8400 4.116000e+05   1.558950e+03     0.236 (  4796      0)     0.145 (  7262      0)
"a:rayleigh_friction"                         8400     8400 4.116000e+05   4.332013e+01     0.009 (  1838      0)     0.004 (  6657      0)
"a:aero_drydep"                               8400     8400 4.116000e+05   5.234639e+03     0.746 (  4705      0)     0.540 (  7405      0)
"a:carma_timestep_tend"                       8400     8400 8.232000e+05   3.415892e+01     0.006 (  1309      0)     0.003 (  6992      0)
"a:gw_tend"                                   8400     8400 4.116000e+05   1.158062e+04     1.761 (  8328      0)     0.973 (  7336      0)
"a:iondrag"                                   8400     8400 4.116000e+05   3.200394e+01     0.006 (  1309      0)     0.003 (  7538      0)
"a:carma_accumulate_stats"                    8400     8400 4.116000e+05   2.929029e-01     0.000 (  3530      0)     0.000 (  7644      0)
"a:physpkg_st2"                               8400     8400 4.116000e+05   1.350866e+01     0.002 (   900      0)     0.001 (  6617      0)
"a:stepon_run2"                               8400     8400 4.116000e+05   9.805901e+03     3.030 (  7241      0)     0.086 (  5556      0)
"a:p_d_coupling"                              8400     8400 4.116000e+05   7.973475e+03     3.030 (  7241      0)     0.086 (  5556      0)
"a:pd_copy"                                   8400     8400 4.116000e+05   7.880360e+03     3.030 (  7241      0)     0.086 (  5556      0)
"a:chunk_to_block"                            8400     8400 4.116000e+05   7.839174e+03     3.027 (  7241      0)     0.083 (  5556      0)
"a:putUniquePoints"                           5400     5400 2.646000e+05   8.967431e+01     0.019 (  4941      0)     0.015 (  1800      0)
"a:stepon_bndry_exch"                         5400     5400 2.646000e+05   1.829567e+03     1.080 (  2097      0)     0.063 (  5103      0)
"a:cam_run2_memusage"                         8400     8400 8.400000e+03   4.871189e-03     0.000 (  1327      0)     0.000 (  2538      0)
"a:CAM_run3"                                  8400     8400 4.116000e+05   4.261198e+04     8.486 (  3876      0)     0.000 (  7223      0)
"a:stepon_run3"                               8400     8400 4.116000e+05   4.261072e+04     8.486 (  3876      0)     0.000 (  6188      0)
"a:dyn_run"                                   8400     8400 4.116000e+05   4.260938e+04     8.485 (  3876      0)     0.000 (  8349      0)
"a:prim_run_sybcycle"                         5400     5400 5.292000e+05   4.260822e+04     8.485 (  3876      0)     7.258 (  1845      0)
"a:prim_diag_scalars"                         5400     5400 3.240000e+04   1.914779e+00     0.000 (  4602      0)     0.000 (  2537      0)
"a:prim_energy_halftimes"                     5400     5400 3.240000e+04   5.722305e+00     0.002 (   816      0)     0.001 (  2537      0)
"a:ApplyCAMForcing_dynamics"                  5400     5400 5.292000e+05   3.350963e+00     0.001 (  4911      0)     0.000 (  4787      0)
"a:prim_step_rX"                              5400     5400 1.587600e+06   2.892500e+04     5.969 (  3876      0)     4.690 (  1845      0)
"a:prim_step_dyn"                             5400     5400 1.587600e+06   1.103270e+04     2.585 (   531      0)     1.355 (  2931      0)
"a:prim_advance_exp"                          5400     5400 1.587600e+06   1.102938e+04     2.585 (   531      0)     1.355 (  2931      0)
"a:U3-5stage_timestep"                        5400     5400 1.587600e+06   5.997155e+03     1.692 (  4397      0)     0.567 (  3069      0)
"a:compute_and_apply_rhs"                     5400     5400 7.938000e+06   5.973289e+03     1.688 (  4397      0)     0.562 (  3069      0)
"a:caar_bexchV"                               5400     5400 7.938000e+06   4.655403e+03     1.441 (  4397      0)     0.312 (  2394      0)
"a:advance_hypervis_dp"                       5400     5400 1.587600e+06   5.026826e+03     1.381 (  5278      0)     0.616 (  3168      0)
"a:biwkdp3d_bexchV"                           5400     5400 4.762800e+06   1.534580e+03     0.744 (  5074      0)     0.099 (  4984      0)
"a:ahdp_bexchV2"                              5400     5400 4.762800e+06   1.359289e+03     0.711 (  5080      0)     0.089 (  2952      0)
"a:prim_step_advec"                           5400     5400 1.587600e+06   1.787849e+04     3.861 (  2187      0)     3.040 (  5387      0)
"a:PAT_remap"                                 5400     5400 1.587600e+06   1.787552e+04     3.861 (  2187      0)     3.040 (  5387      0)
"a:prim_advec_tracers_remap_rk2"              5400     5400 1.587600e+06   1.787088e+04     3.860 (  2187      0)     3.039 (  5387      0)
"a:precomput_divdp"                           5400     5400 1.587600e+06   2.387099e+01     0.006 (   947      0)     0.004 (  3390      0)
"a:euler_step_0"                              5400     5400 1.587600e+06   5.065626e+03     1.428 (  2186      0)     0.769 (  3045      0)
"a:bihmix_qminmax"                            5400     5400 4.762800e+06   7.519865e+03     1.855 (  2185      0)     1.089 (  5392      0)
"a:eus_neighbor_minmax1"                      5400     5400 1.587600e+06   1.034561e+03     0.638 (  2185      0)     0.077 (  5392      0)
"a:nmm_bexchV"                                5400     5400 1.587600e+06   8.109960e+02     0.597 (  2185      0)     0.049 (  5397      0)
"a:eus_2d_advec"                              5400     5400 4.762800e+06   1.006773e+04     2.395 (  2202      0)     1.689 (  5284      0)
"a:eus_bexchV"                                5400     5400 4.762800e+06   1.957293e+03     0.896 (  2202      0)     0.178 (   885      0)
"a:euler_step_1"                              5400     5400 1.587600e+06   3.745583e+03     0.972 (  3333      0)     0.628 (  3122      0)
"a:euler_step_2"                              5400     5400 1.587600e+06   8.794371e+03     1.916 (  3336      0)     1.513 (  5388      0)
"a:nmm_bexchS_start"                          5400     5400 1.587600e+06   3.354110e+01     0.020 (  3717      0)     0.002 (  2851      0)
"a:biwksc_bexchV"                             5400     5400 1.587600e+06   9.239719e+02     0.433 (  3335      0)     0.091 (  5397      0)
"a:nmm_bexchS_fini"                           5400     5400 1.587600e+06   5.113873e+00     0.002 (  4125      0)     0.001 (  2835      0)
"a:qdp_tavg"                                  5400     5400 1.587600e+06   2.300410e+02     0.048 (  3749      0)     0.037 (  5380      0)
"a:vertical_remap"                            5400     5400 5.292000e+05   1.321407e+04     2.766 (  4301      0)     2.388 (  5380      0)
"a:vertical_remap1_1"                         5400     5400 5.292000e+05   3.411922e+02     0.070 (  4301      0)     0.059 (  5380      0)
"a:remap_Q_ppm"                               5400     5400 1.587600e+06   1.319872e+04     2.763 (  4301      0)     2.385 (  5380      0)
"a:vertical_remap1_2"                         5400     5400 5.292000e+05   6.469048e+02     0.133 (  4301      0)     0.115 (  5380      0)
"a:vertical_remap1_3"                         5400     5400 5.292000e+05   1.221316e+04     2.560 (  4301      0)     2.212 (  5380      0)
"a:prim_run_subcyle_diags"                    5400     5400 5.292000e+05   7.442117e+01     0.024 (  4283      0)     0.011 (  5396      0)
"a:prim_printstate"                           5400     5400 1.080000e+04   3.767214e+02     0.099 (  4882      0)     0.062 (  4301      0)
"a:shr_reprosum_NaN_INF_Chk"                  8400     8400 4.926000e+06   4.352772e+00     0.001 (   420      0)     0.000 (  6657      0)
"a:shr_reprosum_int"                          8400     8400 4.926000e+06   1.637018e+03     0.252 (   101      0)     0.121 (   636      0)
"a:repro_sum_loopa"                           8400     8400 4.926000e+06   2.709966e+00     0.001 (   837      0)     0.000 (  6657      0)
"a:repro_sum_allr_minmax"                     8400     8400 4.926000e+06   1.363305e+03     0.208 (   101      0)     0.078 (   636      0)
"a:repro_sum_loopb"                           8400     8400 4.926000e+06   5.057880e+00     0.001 (  2115      0)     0.000 (  7095      0)
"a:repro_sum_allr_i8"                         8400     8400 4.926000e+06   2.323679e+02     0.049 (  4994      0)     0.011 (  7094      0)
"a:cam_run3_memusage"                         8400     8400 8.400000e+03   4.475893e-03     0.000 (  8336      0)     0.000 (  5402      0)
"a:CAM_run4"                                  8400     8400 4.116000e+05   7.277047e+00     0.008 (     0      0)     0.001 (  7727      0)
"a:wshist"                                    8400     8400 4.116000e+05   3.157778e+00     0.001 (  5380      0)     0.000 (  7727      0)
"a:cam_run4_wrapup"                           8400     8400 4.116000e+05   1.191444e+00     0.000 (  2992      0)     0.000 (  1427      0)
"a:cam_run4_flush"                            8400     8400 4.116000e+05   1.080403e+00     0.007 (     0      0)     0.000 (  6188      0)
"a:CAM_adv_timestep"                          8400     8400 4.116000e+05   9.021257e-01     0.000 (  5380      0)     0.000 (  8309      0)
"a:CAM_run1"                                  8400     8400 4.116000e+05   3.541977e+06   483.547 (  4995      0)   353.602 (  7328      0)
"a:stepon_run1"                               8400     8400 4.116000e+05   2.640570e+04     8.887 (  7282      0)     0.101 (  4301      0)
"a:d_p_coupling"                              8400     8400 4.116000e+05   2.640462e+04     8.887 (  7282      0)     0.101 (  4301      0)
"a:UniquePoints"                              5400     5400 2.646000e+05   2.225804e+01     0.006 (   369      0)     0.002 (  4194      0)
"a:dpcopy"                                    8400     8400 4.116000e+05   2.595725e+04     8.871 (  7282      0)     0.039 (  3753      0)
"a:block_to_chunk"                            8400     8400 4.116000e+05   2.587979e+04     8.868 (  7282      0)     0.032 (  3754      0)
"a:derived_phys"                              8400     8400 4.116000e+05   1.566293e+02     0.023 (  4465      0)     0.014 (  8282      0)
"a:phys_run1"                                 8400     8400 4.116000e+05   3.515570e+06   483.333 (  4995      0)   344.920 (  7328      0)
"a:physpkg_st1"                               8400     8400 8.232000e+05   2.054710e+03     0.302 (  7427      0)     0.153 (   636      0)
"a:chk_en_gmean"                              8400     8400 4.116000e+05   1.352115e+03     0.223 (  7427      0)     0.068 (   636      0)
"a:gmean_fixed_repro"                         8400     8400 4.116000e+05   1.349899e+03     0.222 (  7427      0)     0.067 (   636      0)
"a:advance_trcdata"                           8400     8400 8.643600e+06   5.141487e+02     0.068 (  3050      0)     0.055 (  7202      0)
"a:interpolate_trcdata"                       8400     8400 8.643600e+06   3.160601e+02     0.042 (  1831      0)     0.032 (  7202      0)
"a:bc_physics"                                8400     8400 4.116000e+05   3.513513e+06   483.105 (  4995      0)   344.641 (  7328      0)
"a:diag_physvar_ic"                           8400     8400 4.116000e+05   1.120605e+00     0.000 (   983      0)     0.000 (  7405      0)
"a:bc_init"                                   8400     8400 4.116000e+05   1.592308e+02     0.022 (  3630      0)     0.011 (  6601      0)
"a:energy_fixer"                              8400     8400 4.116000e+05   6.961810e+01     0.017 (  6601      0)     0.007 (  6619      0)
"a:dry_adjustment"                            8400     8400 4.116000e+05   3.985090e+01     0.010 (  3050      0)     0.003 (  6845      0)
"a:moist_convection"                          8400     8400 4.116000e+05   6.183386e+03     1.046 (  2894      0)     0.430 (  7262      0)
"a:convect_deep_tend"                         8400     8400 4.116000e+05   3.120020e+03     0.427 (  1179      0)     0.279 (  7426      0)
"a:zm_conv_tend"                              8400     8400 4.116000e+05   3.112505e+03     0.426 (  1179      0)     0.278 (  7426      0)
"a:zm_convr"                                  8400     8400 4.116000e+05   2.609997e+03     0.360 (  5190      0)     0.247 (  7426      0)
"a:physics_ptend_sum"                         8400     8400 4.116000e+06   1.463615e+02     0.024 (  7736      0)     0.012 (  6929      0)
"a:zm_conv_evap"                              8400     8400 4.116000e+05   3.899494e+01     0.007 (  3982      0)     0.002 (  7349      0)
"a:momtran"                                   8400     8400 4.116000e+05   4.080976e+01     0.008 (  3578      0)     0.001 (  7418      0)
"a:convtran1"                                 8400     8400 4.116000e+05   8.308581e+01     0.019 (  1179      0)     0.001 (  7418      0)
"a:convect_shallow_tend"                      8400     8400 4.116000e+05   2.840794e+03     0.614 (  2894      0)     0.120 (  7262      0)
"a:macrop_tend"                               8400     8400 4.116000e+05   3.358399e+03     0.450 (  4602      0)     0.318 (  6740      0)
"a:cldfrc"                                    8400     8400 4.116000e+05   2.149593e+02     0.030 (  3547      0)     0.020 (  7247      0)
"a:mmacro_pcond"                              8400     8400 4.116000e+05   2.855940e+03     0.389 (  4602      0)     0.269 (  7559      0)
"a:physics_ptend_scale"                       8400     8400 1.234800e+06   2.143016e+01     0.004 (  7648      0)     0.002 (  7244      0)
"a:microp_aero_run"                           8400     8400 4.116000e+05   1.212922e+04     2.347 (  3561      0)     0.604 (  7273      0)
"a:microp_aero_run_init"                      8400     8400 4.116000e+05   9.841305e+01     0.013 (  1579      0)     0.010 (  7244      0)
"a:subgrid_mean_updraft"                      8400     8400 4.116000e+05   1.163813e+03     0.168 (  1788      0)     0.113 (  7013      0)
"a:nucleate_ice_cam_calc"                     8400     8400 4.116000e+05   1.847530e+02     0.027 (  4698      0)     0.017 (  8127      0)
"a:dropmixnuc"                                8400     8400 4.116000e+05   8.428259e+03     1.842 (  3561      0)     0.254 (  7269      0)
"a:hetfrz_classnuc_cam_calc"                  8400     8400 4.116000e+05   2.237412e+03     0.354 (  2759      0)     0.187 (  6724      0)
"a:microp_tend"                               8400     8400 4.116000e+05   4.009633e+03     0.585 (   213      0)     0.285 (  7324      0)
"a:microp_mg_cam_tend"                        8400     8400 4.116000e+05   3.853592e+03     0.567 (   213      0)     0.268 (  7324      0)
"a:micro_mg_cam_tend_init"                    8400     8400 4.116000e+05   1.808570e+02     0.027 (  2118      0)     0.019 (  7454      0)
"a:micro_mg_cam_tend_loop"                    8400     8400 4.116000e+05   3.038159e+03     0.468 (   213      0)     0.183 (  7324      0)
"a:micro_mg_tend2"                            8400     8400 8.232000e+05   2.657206e+03     0.422 (   213      0)     0.146 (  7324      0)
"a:micro_mg_cam_tend_fini"                    8400     8400 4.116000e+05   6.177961e+02     0.087 (  7763      0)     0.060 (  7559      0)
"a:crm"                                       8400     8400 4.116000e+05   3.235946e+06   450.692 (  4995      0)   316.269 (  6738      0)
"a:crm_call"                                  8400     8400 4.116000e+05   3.235526e+06   450.642 (  4995      0)   316.223 (  6738      0)
"a:bc_aerosols_mmf"                           8400     8400 4.116000e+05   7.917148e+03     1.077 (  3198      0)     0.780 (  6698      0)
"a:bc_aerosols"                               8400     8400 4.116000e+05   1.221805e+04     1.739 (  3961      0)     1.099 (  7349      0)
"a:calcsize"                                  8400     8400 4.116000e+05   2.371810e+02     0.036 (  5925      0)     0.024 (  7895      0)
"a:wateruptake"                               8400     8400 4.116000e+05   7.596375e+03     1.030 (  3746      0)     0.750 (  6677      0)
"a:ma_convproc"                               8400     8400 4.116000e+05   1.402367e+03     0.357 (  3961      0)     0.029 (  7538      0)
"a:convect_deep_tend2"                        8400     8400 4.116000e+05   1.369191e+02     0.024 (  3971      0)     0.007 (  7383      0)
"a:convtran2"                                 8400     8400 4.116000e+05   7.247914e+01     0.016 (  4541      0)     0.001 (  7390      0)
"a:bc_history_write"                          8400     8400 4.116000e+05   2.357931e+02     0.033 (  1799      0)     0.024 (  6761      0)
"a:bc_cld_diag_history_write"                 8400     8400 4.116000e+05   6.538596e+01     0.009 (  3119      0)     0.006 (  7404      0)
"a:radiation"                                 8400     8400 4.116000e+05   2.305971e+05    31.253 (  4782      0)    23.323 (  7328      0)
"a:cldoptics"                                 8400     8400 3.292800e+06   8.901535e+02     0.121 (  1656      0)     0.084 (  6740      0)
"a:rad_sw"                                    8400     8400 3.292800e+06   1.378928e+05    19.552 (   186      0)    13.517 (  7405      0)
"a:rad_sw_loop"                               8400     8400 3.292800e+06   1.377052e+05    19.529 (   186      0)    13.495 (  7405      0)
"a:rad_rrtmg_sw"                              8400     8400 3.292800e+06   5.536790e+04     9.547 (  5320      0)     4.343 (  7426      0)
"a:mcica_subcol_sw"                           8400     8400 3.292784e+06   1.269611e+04     2.623 (  2462      0)     1.058 (  7471      0)
"a:rrtmg_sw"                                  8400     8400 3.292784e+06   4.198197e+04     7.818 (  5320      0)     3.215 (  7426      0)
"a:rad_lw"                                    8400     8400 3.292800e+06   9.106478e+04    13.279 (  4782      0)     9.510 (  6998      0)
"a:rad_lw_loop"                               8400     8400 3.292800e+06   9.105925e+04    13.279 (  4782      0)     9.509 (  6998      0)
"a:rad_rrtmg_lw"                              8400     8400 3.292800e+06   4.263513e+04     7.127 (  2298      0)     4.163 (  6998      0)
"a:mcica_subcol_lw"                           8400     8400 3.292800e+06   2.771217e+04     5.265 (  2298      0)     2.757 (  7083      0)
"a:rrtmg_lw"                                  8400     8400 3.292800e+06   1.489936e+04     2.074 (  1108      0)     1.387 (  6740      0)
"a:radheat_tend"                              8400     8400 4.116000e+05   4.809453e+00     0.001 (  4116      0)     0.000 (   997      0)
"a:heating_rate"                              8400     8400 4.116000e+05   2.648316e+01     0.004 (  2793      0)     0.002 (  6620      0)
"a:tropopause"                                8400     8400 4.116000e+05   1.362479e+02     0.020 (  4974      0)     0.013 (  7979      0)
"a:cam_export"                                8400     8400 4.116000e+05   1.547383e+01     0.002 (  7226      0)     0.002 (  2520      0)
"a:diag_export"                               8400     8400 4.116000e+05   8.303922e+00     0.002 (  1236      0)     0.001 (  1803      0)
"a:CAM_export"                                8400     8400 4.116000e+05   1.320751e+00     0.000 (  2862      0)     0.000 (   997      0)
"CPL:A2C"                                     8400     8400 4.032000e+05   2.793379e+05   126.772 (  6710      0)     0.009 (  1801      0)
"CPL:a2c_atma2atmx"                           8400     8400 4.032000e+05   1.802733e+05   126.771 (  6710      0)     0.006 (  5746      0)
"CPL:a2c_infoexch"                            8400     8400 4.032000e+05   9.906092e+04    88.864 (  7067      0)     0.001 (  7416      0)
"CPL:ATMPOST"                                 8400     8400 4.032000e+05   5.845786e-01     0.000 (  6392      0)     0.000 (  7418      0)
"CPL:HISTORY"                                 8400     8400 4.032000e+05   6.148399e-01     0.000 (  6155      0)     0.000 (  5375      0)
"CPL:TSTAMP_WRITE"                            8400     8400 4.032000e+05   5.714442e-01     0.000 (     0      0)     0.000 (  6665      0)
"CPL:TPROF_WRITE"                             8400     8400 3.948000e+05   3.578497e-01     0.000 (  3957      0)     0.000 (  7415      0)
"CPL:C2O_INITWAIT"                            8400     8400 3.948000e+05   2.480787e+05    58.458 (     0      0)     5.154 (   149      0)
"l:interpMonthlyVeg"                          8400     8400 2.016000e+05   2.909252e+03     0.354 (  8232      0)     0.340 (   214      0)
"l:readMonthlyVeg"                            8400     8400 8.400000e+03   2.908649e+03     0.354 (  8232      0)     0.340 (   214      0)
"l:PIO:PIO_openfile"                          8400     8400 8.400000e+03   9.114706e+01     0.013 (  3024      0)     0.005 (  1825      0)
"l:PIO:PIO_initdecomp_dof"                    8400     8400 8.400000e+03   2.001506e+02     0.059 (   504      0)     0.017 (   756      0)
"l:PIO:pio_rearrange_create_box"              8400     8400 8.400000e+03   1.909328e+02     0.059 (   504      0)     0.016 (   242      0)
"l:PIO:pio_read_darray"                       8400     8400 6.720000e+04   2.289340e+03     0.309 (  8195      0)     0.225 (   169      0)
"l:PIO:pio_read_nf"                           8400     8400 6.720000e+04   2.237578e+00     0.149 (     0      0)     0.000 (  6824      0)
"l:PIO:pio_read_nfdarray_double"              8400     8400 6.720000e+04   2.121422e+00     0.149 (     0      0)     0.000 (  6824      0)
"l:PIO:pio_rearrange_read"                    8400     8400 6.720000e+04   2.001060e+03     0.282 (  8235      0)     0.130 (     0      0)
"l:PIO:pio_rearrange_io2comp_double"          8400     8400 6.720000e+04   2.000931e+03     0.282 (  8235      0)     0.130 (     0      0)
"l:PIO:swapm_box_rear_io2comp_double"         8400     8400 6.720000e+04   1.995202e+03     0.281 (  8195      0)     0.129 (     0      0)
"l:PIO:PIO_closefile"                         8400     8400 8.400000e+03   6.539293e-01     0.012 (   756      0)     0.000 (  2042      0)
"l:surfalb"                                   8400     8400 2.016000e+05   2.219920e+01     0.004 (  1989      0)     0.001 (  7440      0)
"l:urbsurfalb"                                8394     8394 2.014560e+05   1.116436e+01     0.002 (  2596      0)     0.000 (  6274      0)
"CPL:OCNT_RUN"                                8400     8400 3.948000e+05   1.199124e+02     0.019 (     0      0)     0.013 (  1157      0)
"o:DOCN_RUN"                                  8400     8400 3.948000e+05   1.031292e+02     0.017 (     0      0)     0.011 (  1157      0)
"o:docn_run1"                                 8400     8400 3.948000e+05   6.901023e+00     0.001 (  2661      0)     0.001 (  5354      0)
"o:docn"                                      8400     8400 3.948000e+05   9.488344e+01     0.012 (  3180      0)     0.010 (  1157      0)
"o:docn_strdata_advance"                      8400     8400 3.948000e+05   1.358013e+01     0.002 (  6048      0)     0.001 (  3275      0)
"o:docn_strd_adv_total"                       8400     8400 3.948000e+05   1.246167e+01     0.002 (  6048      0)     0.001 (  3275      0)
"o:docn_strd_adv_readLBUB"                    8400     8400 3.948000e+05   2.798572e+00     0.000 (  3166      0)     0.000 (  3275      0)
"o:docn_readLBUB_setup"                       8400     8400 3.948000e+05   4.637614e-01     0.000 (  5574      0)     0.000 (  3275      0)
"o:docn_readLBUB_filemgt"                     8400     8400 3.948000e+05   2.767567e-01     0.000 (  6355      0)     0.000 (  7286      0)
"o:docn_strd_adv_tint"                        8400     8400 3.948000e+05   6.808574e+00     0.001 (  6341      0)     0.001 (  3275      0)
"o:docn_scatter"                              8400     8400 3.948000e+05   7.887492e+01     0.010 (  3180      0)     0.009 (  1157      0)
"o:docn_datamode"                             8400     8400 3.948000e+05   8.741047e-01     0.000 (  2230      0)     0.000 (  2726      0)
"o:docn_run2"                                 8400     8400 3.948000e+05   2.127284e-01     0.005 (     0      0)     0.000 (    59      0)
"CPL:O2CT"                                    8400     8400 3.948000e+05   3.907060e+02     0.078 (  5842      0)     0.002 (     0      0)
"CPL:o2c_ocno2ocnx"                           8400     8400 3.948000e+05   6.921526e+00     0.001 (  6083      0)     0.001 (  1238      0)
"CPL:o2c_infoexch"                            8400     8400 3.948000e+05   3.813121e+02     0.077 (  5842      0)     0.001 (     0      0)
"CPL:OCNPOSTT"                                8400     8400 3.948000e+05   4.692038e-01     0.000 (  7570      0)     0.000 (  1553      0)
"CPL:sync1_tprof"                             8400     8400 8.400000e+03   6.016585e+03     1.287 (     1      0)     0.000 (  4995      0)
"CPL:t_prf"                                      0        0 0.000000e+00   0.000000e+00     0.000 (     0      0)     0.000 (     0      0)

